1012
1034
1052
1053
1060
1077
1081
1087
1088
1107
1109
1110
1114
1115
1127
1132
1136
1138
1142
1156
1165
1176
1181
1187
1188
1190
1217
1223
1225
1228
1247
1251
1260
1263
1264
1270
1301
1302
1316
1323
1331
1332
1349
1363
1371
1375
1378
1382
1384
1394
1402
1405
1411
1431
1453
1464
1467
1469
1475
1478
1506
1508
1510
1511
1512
1515
1545
1552
1553
1554
1556
1579
1584
1592
1599
1600
1616
1621
1627
1628
1644
1649
1653
1655
1662
1666
1675
1692
1710
1716
1726
1727
1746
1763
1767
1774
1777
1783
1795
1802
1816
1817
1818
1821
1824
1825
1833
1840
1842
1846
1848
1849
1856
1863
1885
1888
1898
1900
1928
1952
1953
1956
1973
1977
1984
1991
1992
1996
2008
2015
2019
2025
2034
2045
2053
2075
2086
2093
2109
2120
2140
2143
2161
2173
2178
2179
2182
2185
2186
2190
2192
2193
2195
2196
2208
2217
2245
2249
2252
2257
2262
2263
2281
2287
2289
2294
2305
2317
2319
2322
2326
2328
2336
2340
2350
2358
2366
2368
2371
2386
2394
2414
2427
2431
2433
2468
2479
2482
2485
2509
2511
2523
2525
2528
2533
2535
2541
2543
2562
2575
2582
2591
2593
2594
2595
2602
2608
2616
2618
2641
2644
2649
2661
2664
2668
2677
2699
2705
2706
2709
2714
2718
2719
2735
2763
2773
2785
2789
2792
2794
2797
2805
2825
2829
2856
2866
2874
2881
2890
2902
2909
2910
2914
2931
2941
2942
2944
2946
2952
2959
2965
2972
2991
3028
3034
3051
3052
3060
3062
3067
3068
3070
3071
3076
3092
3099
3109
3115
3116
3118
3121
3131
3136
3137
3140
3145
3148
3152
3160
3226
3231
3244
3246
3249
3254
3255
3259
3273
3279
3288
3293
3303
3325
3333
3334
3344
3355
3362
3366
3374
3380
3407
3408
3418
3422
3431
3433
3436
3450
3454
3472
3476
3478
3479
3491
3492
3493
3496
3503
3505
3512
3543
3548
3549
3550
3551
3560
3577
3580
3583
3602
3606
3623
3625
3630
3633
3639
3647
3662
3668
3672
3678
3683
3686
3689
3697
3703
3727
3744
3745
3746
3748
3752
3784
3805
3812
3815
3822
3837
3851
3856
3864
3873
3880
3921
3922
3929
3944
3950
3953
3954
3959
3960
3961
3967
3974
3977
3997
4002
4005
4018
4027
4037
4062
4124
4131
4141
4143
4154
4176
4185
4191
4196
4208
4220
4227
4240
4241
4242
4244
4247
4248
4252
4254
4271
4275
4287
4303
4304
4311
4322
4324
4325
4339
4344
4356
4359
4360
4364
4367
4377
4388
4400
4401
4404
4405
4410
4417
4418
4419
4452
4458
4462
4464
4466
4490
4499
4513
4517
4524
4527
4531
4537
4543
4545
4551
4569
4573
4574
4575
4589
4592
4606
4616
4617
4620
4634
4635
4636
4663
4669
4687
4691
4709
4722
4729
4739
4746
4748
4751
4766
4770
4792
4796
4805
4834
4853
4855
4864
4871
4880
4890
4892
4906
4919
4935
4942
4948
4953
4961
4970
4972
4979
4983
4985
4989
5002
5038
5042
5050
5060
5062
5090
5095
5101
5117
5119
5120
5135
5137
5142
5149
5159
5165
5197
5200
5201
5222
5232
5233
5235
5239
5242
5248
5255
5257
5261
5274
5280
5281
5284
5309
5311
5316
5321
5338
5343
5346
5350
5351
5364
5370
5385
5394
5399
5403
5408
5418
5419
5435
5441
5452
5459
5467
5470
5489
5499
5506
5521
5539
5543
5560
5564
5572
5577
5579
5591
5600
5606
5610
5611
5617
5629
5645
5646
5650
5655
5658
5659
5677
5700
5704
5709
5711
5721
5725
5735
5749
5753
5755
5766
5772
5779
5787
5793
5805
5807
5809
5821
5828
5844
5855
5860
5883
5888
5904
5909
5916
5919
5931
5933
5939
5946
5949
5953
5959
5963
5968
5971
5990
5992
5995
6022
6029
6040
6055
6057
6064
6076
6085
6090
6102
6104
6112
6115
6128
6139
6148
6152
6162
6165
6167
6169
6175
6180
6181
6184
6185
6190
6192
6194
6200
6213
6215
6218
6226
6234
6243
6247
6252
6256
6260
6273
6283
6286
6287
6297
6313
6319
6349
6363
6372
6377
6382
6390
6412
6427
6441
6442
6449
6456
6460
6461
6466
6469
6478
6483
6492
6502
6508
6515
6519
6537
6544
6549
6550
6565
6572
6578
6582
6596
6601
6605
6618
6622
6624
6625
6630
6634
6639
6648
6654
6656
6657
6658
6677
6680
6683
6687
6703
6707
6724
6730
6748
6759
6761
6780
6785
6801
6820
6823
6853
6867
6873
6910
6912
6928
6929
6930
6931
6946
6957
6963
6972
6975
6985
6988
6995
6999
7003
7004
7007
7011
7014
7015
7016
7020
7031
7039
7041
7049
7053
7058
7060
7063
7069
7082
7085
7086
7088
7109
7111
7112
7126
7144
7150
7161
7164
7168
7180
7209
7215
7226
7235
7237
7245
7260
7265
7282
7285
7306
7310
7312
7313
7329
7337
7347
7348
7352
7367
7369
7370
7374
7380
7383
7387
7401
7428
7438
7456
7459
7470
7474
7475
7478
7484
7489
7491
7492
7501
7506
7510
7514
7517
7524
7534
7535
7536
7547
7564
7578
7582
7583
7586
7615
7616
7630
7637
7638
7639
7650
7662
7664
7682
7684
7685
7693
7694
7701
7708
7716
7722
7729
7734
7742
7744
7745
7757
7763
7764
7769
7773
7778
7782
7791
7815
7822
7827
7834
7841
7853
7866
7872
7876
7884
7890
7905
7906
7931
7934
7967
7972
7980
7983
8005
8006
8010
8034
8062
8063
8075
8093
8098
8101
8108
8110
8112
8131
8132
8142
8144
8172
8183
8185
8195
8199
8229
8231
8263
8264
8269
8271
8282
8296
8306
8311
8318
8320
8329
8333
8335
8339
8340
8348
8353
8359
8361
8373
8374
8378
8380
8386
8390
8394
8405
8412
8423
8427
8440
8447
8454
8460
8464
8471
8480
8483
8485
8488
8502
8505
8515
8541
8542
8560
8575
8579
8586
8593
8602
8603
8608
8632
8637
8638
8639
8653
8655
8663
8669
8681
8701
8726
8729
8741
8753
8756
8757
8760
8763
8770
8771
8796
8822
8865
8868
8870
8877
8898
8914
8925
8928
8934
8947
8957
8962
8963
8969
8979
8990
8996
