41230.858874
79304.832343
61313.790523
67166.497535
9443.966203
92562.277045
28350.906638
43241.904549
21632.998905
15213.189972
99860.354924
35341.529743
96052.220547
16593.367746
93435.940834
82567.633114
46972.181988
68008.609420
55905.947620
60536.730962
77467.852673
27656.998770
29266.645672
6068.453886
5704.504200
15595.181053
52608.827705
30761.249556
50005.240056
33364.455456
46809.836491
91235.098930
12668.287752
8122.626968
58400.596465
22111.253955
683.903966
86750.503103
65352.158504
22315.902871
1962.693029
65211.513382
57656.432661
98013.913576
81803.881128
51091.373449
80580.546644
28775.063070
19098.982868
36485.494264
89310.794032
96565.835541
64141.493034
18576.439657
2633.289381
69844.997233
34170.620711
55241.117086
605.246743
84174.860766
88604.572542
47414.083235
75408.959696
1271.860248
55535.710249
33808.556114
23382.114203
56218.614215
20558.059171
88733.272707
78533.517133
22519.752200
53943.786089
36188.949747
20532.665730
35746.667171
87279.323196
1112.212327
64520.730287
6377.306017
37596.706590
53830.524272
2942.141512
1737.199577
72405.963976
5574.430893
71581.196811
6575.584640
60814.547979
72185.443601
90749.445453
49418.120474
19598.526789
66157.405102
50688.980722
75133.237037
99964.961216
74070.094925
31350.851252
85496.312500
29707.960938
43875.753906
68561.281250
51829.722656
1104.856934
90144.281250
10081.224609
49277.765625
32888.859375
91191.960938
48427.407365
71431.437500
25271.488281
53325.242188
39300.542969
46706.304688
88356.429688
36641.660156
95940.734375
33704.847656
22528.765625
99269.554688
49127.472656
50988.894531
70552.125000
1914.940674
30338.228516
98396.289062
45840.105469
40690.773438
56145.570312
84730.148438
54208.144531
72652.093750
25372.117188
4787.645020
51398.960938
89047.859375
38215.992188
35552.398438
50095.109375
39027.878906
8583.654297
6792.564941
39414.773438
53768.605469
45306.558594
63958.996094
86660.398438
55740.039062
22724.656250
13843.493164
86953.921875
31127.621094
41175.308594
92384.132812
53112.089844
58066.710938
15354.374023
91098.203125
48250.066406
21583.496094
95026.234375
92013.820312
14767.001953
88107.218750
64109.062500
43196.343750
61960.648438
28106.941406
78601.210938
30746.787109
44704.359375
22611.662109
18754.310547
27624.468750
55645.375000
41651.128906
16961.708984
90681.390625
10318.118164
12608.534180
49545.406250
76048.523438
98476.164062
93501.398438
68445.500000
38319.832031
74978.085938
86034.243260
19183.676598
39581.068337
63394.574377
18911.692268
35235.928054
11003.133931
81412.493049
60702.286402
92431.360239
59175.899691
49328.784567
72361.903850
69211.463422
40840.369893
53073.121904
82358.259506
77903.131191
38579.571257
41860.327323
8756.588116
4476.005485
97536.290847
42453.808489
98541.621762
89953.219413
37464.980372
88153.143959
25834.587454
2948.272688
15819.533076
11867.830714
22130.949286
55399.601412
75261.405091
41041.641554
90634.529467
86263.539023
22453.134556
51335.815822
78693.899215
81628.034248
663.600342
51054.803019
50838.497623
41502.970283
4126.924923
33195.757129
19405.101427
42705.496180
75055.084451
28160.689590
47180.501665
72590.375252
70613.498080
45721.123381
62542.594618
8077.478405
33873.267294
88376.182072
11024.751093
49691.800370
243.012739
33154.700378
5090.401736
75503.417831
74195.341933
95723.931202
61765.956807
96647.476489
47058.746978
40458.856022
78274.510690
47721.347367
91512.659041
29112.008313
89223.317650
95638.583963
62306.765442
8627.419030
38343.080143
37360.849847
36787.108621
85522.581809
9950.225052
7399.606654
31242.705190
72491.819670
15476.085059
65114.972484
60867.001696
26499.836152
14805.772853
61109.014482
59653.536530
19895.174589
36611.432266
33847.878416
15618.105791
98376.389119
30494.354858
62675.852769
38834.245094
8767.865548
10396.200090
30345.904089
37878.873861
99618.517739
25983.488052
184.639256
8244.936770
64325.568195
37544.489103
45031.045391
49847.149958
47493.714155
52429.652091
81088.855148
19984.533779
67904.737150
46202.827631
80850.535475
94403.573348
61007.600485
41958.549910
54056.109832
80901.775074
78568.982222
87902.988294
96518.880865
76944.371295
18396.343105
59193.733634
15777.616342
27163.208654
69588.933724
46122.520431
65041.082515
69206.451463
72105.008483
65224.721771
77450.388233
36429.576632
2768.210828
22480.433577
86275.726636
50260.924983
74909.085668
67363.581737
70244.458762
42812.822818
13565.409322
51093.994237
37215.396120
74572.009807
93051.544147
91270.505951
55472.784880
71619.526323
79172.494199
51990.665698
48562.897571
97567.837351
11183.399286
64339.513913
24730.045958
80771.333056
10461.034344
89770.128519
49976.784472
82565.042826
54993.850244
27426.172658
18993.619458
57761.061118
49905.606235
5268.346047
8020.986054
24813.691903
72630.927784
78264.444862
67625.514721
86195.337153
29357.439053
4839.910794
60766.346913
22407.983153
96109.416745
16238.131747
94026.509522
75280.910944
68227.797491
42588.407046
72847.748248
79410.196777
6926.920959
97576.794206
60180.529786
17386.955303
87345.922678
10156.314212
99950.998129
42338.772922
37581.486870
18943.617541
98.833993
87486.093152
24210.963588
8118.820047
12298.785008
96840.891419
86382.264909
79923.299730
83035.228526
15738.703916
84762.210524
43800.575392
38145.687115
80870.627223
60037.707185
32171.196591
56150.538120
28264.504630
74758.603637
28997.286322
7673.701361
81684.524596
26573.080528
67853.231193
99070.479899
13918.003159
78008.545405
99020.478028
56255.776081
15589.032275
17963.095522
56353.610074
3074.125381
42173.059157
64471.430168
15371.910389
39012.950530
50852.695030
95294.210119
22047.179009
66590.398993
80055.420596
65846.754401
4735.086061
60925.047772
25883.461539
36905.282652
17074.585893
54146.966169
11662.886243
46070.872214
61819.667577
93346.410886
72642.952742
29671.898723
92415.890738
86559.955948
7679.444082
91435.368720
42814.731983
23267.476357
9397.464242
99167.342103
26340.601738
51569.523399
63637.772225
41711.512127
90581.473929
14489.467208
37004.722199
12627.652891
81078.866201
17059.142748
78473.407292
85812.952262
77983.190567
4355.868831
22717.234868
95056.776460
58501.835001
34379.121157
41126.648628
20320.502531
27724.531997
13768.601370
49991.401254
20139.422689
327.557271
57669.845382
11573.791409
43141.289254
80936.321739
20970.255651
42307.631311
7275.923477
72538.779050
5944.403489
48986.435604
63119.252933
20432.870744
85990.157849
75745.905824
1510.736898
3048.300551
54218.313069
87322.689207
81030.491118
58573.181900
10038.924028
76086.267531
17074.016901
44417.045185
17211.916158
37393.519432
72140.577182
30979.517528
87383.920732
92278.999917
31306.074799
45052.766068
3851.791279
74446.364054
25988.087761
24821.046930
16752.995365
33263.011238
97358.825980
22696.398853
82248.446888
60477.078866
43128.269597
68237.604691
36221.984643
44638.006542
71284.905241
90439.297712
31959.695702
52314.396359
49011.479613
41997.619730
28399.663843
66084.496514
86413.664962
45610.580002
3477.015899
58553.242098
76589.097530
90859.936632
50831.241968
7894.172283
35911.702653
54682.033247
82339.536383
61898.790461
79502.080177
99091.531747
95160.801699
76859.906111
21786.930554
77408.248541
37335.984931
64914.200198
45644.853185
73556.969574
9551.206694
16928.758426
63995.267287
41509.902396
69242.154785
13005.746853
83506.522126
97640.818628
79089.243367
69919.187042
43250.398630
82565.259266
28471.429139
19838.496113
73424.195897
79301.671108
27731.668442
9334.898504
33982.704355
10070.204778
71232.688965
13483.784486
9160.736479
66392.490664
90342.690644
30946.667034
43799.739158
27677.675528
95859.867232
89443.592389
1233.645102
5410.073879
6371.350768
65227.912389
46918.976275
75612.505553
78232.659242
30424.498401
73252.324135
57320.902562
342.685396
16501.722718
39885.161781
28813.114535
36339.218877
13308.357632
8113.785643
64069.887319
22642.256183
42095.489998
74139.092098
93873.945148
55578.274484
83298.828577
60265.435765
45919.965082
14244.495564
4064.174922
73596.640656
10103.362796
93506.767311
74829.285759
15512.436675
99877.118079
40056.198101
62430.412996
75488.623585
18287.857297
92853.911396
48739.947673
75607.759859
93195.596792
65240.670437
15491.921594
22007.711327
1578.889268
28799.279273
30120.496970
65647.776588
51440.535456
72214.986969
39785.868639
45313.480556
27792.261407
23083.697169
5577.916321
73711.226535
37327.192734
9641.091243
47306.867145
47429.555529
3146.858507
22135.152857
62940.992250
3022.976539
62190.350958
25370.405199
78510.600125
80477.208255
18223.316549
27249.547751
56083.968067
11417.913295
92489.218189
71574.889661
33424.624622
94067.107457
373.168888
63544.121593
59713.883998
51812.704343
35758.108515
99498.752636
97125.184946
63549.369968
22581.449759
2702.101221
37259.596456
59907.642539
12342.192464
84565.463601
7336.198022
15488.050971
6699.616411
70276.190272
18510.027510
68888.967369
95645.595472
97019.627635
49365.175577
13867.911975
24268.175339
5448.143598
25284.825316
16756.393528
77022.033260
58708.449939
10822.500938
77394.202194
22251.571531
70535.384982
29205.906490
58008.680046
70033.137572
26330.091390
21557.049968
92613.587378
29031.192610
58815.646424
52520.229871
41372.385074
43380.109978
59855.427893
56859.436045
50078.726389
30130.618165
75368.463555
18966.693712
25775.213591
72387.091143
68330.869289
39642.125612
96654.266529
73778.012887
64925.950928
13409.660010
50799.046147
23633.400820
24231.160948
28192.248294
45883.972351
94765.545930
57397.154784
3891.652398
64797.683502
83726.246221
25447.702366
57410.270833
12756.438784
84262.348836
9929.500657
54127.823905
27641.458768
69783.928550
10986.259903
77719.185204
99913.546715
86353.723505
96684.878916
25687.760305
58739.814601
65014.748205
65328.885917
55393.081083
38791.761046
30253.836798
68801.741094
89589.807192
53886.237618
93031.902088
17781.055440
99769.210016
87796.447972
75177.210271
3659.862367
52593.131427
58902.456445
29106.564733
10002.402213
71657.895229
13367.913522
19930.902870
25784.719088
41008.372337
89713.831466
36769.979038
18726.557494
89626.378134
23122.702496
15410.436363
15313.138393
81861.517097
80424.184568
80641.024310
37253.598180
19214.945614
10893.861062
6054.339227
8803.752760
64779.098727
99085.241315
26583.808246
64547.308697
86880.689287
1760.018470
68206.171064
39472.820667
60661.474915
97311.735796
49474.222927
32318.370098
10678.649319
69404.125797
58102.089233
51686.021655
59116.957217
94871.068270
70411.579150
48742.335351
17992.770719
85821.015513
64054.473745
99853.287816
66244.200082
44694.498055
37105.885949
85458.145695
55587.359117
43159.225223
94260.898455
20365.457797
42243.466492
20843.706655
84911.766494
29123.155732
22602.725125
53116.937511
68594.976446
83263.200040
50427.673307
18068.199326
15580.570139
61105.322626
87471.325123
73681.659371
12790.344235
46587.282340
68551.727595
83200.923385
95328.617692
86543.498314
69020.938851
59382.091390
86395.786083
35264.138886
4075.589398
23500.672033
20721.284535
59661.948561
66658.897256
14981.182990
80026.406359
8901.363701
35823.889645
64937.172853
38023.519480
58425.614816
18053.110317
6617.495879
41687.814810
68479.783624
24684.695205
57267.384949
29584.106204
12155.020282
30948.044273
42373.450439
58741.302622
99498.771868
25573.373776
54068.920267
86041.270136
94593.312674
13450.011656
72436.056219
29856.451514
17524.601054
95935.728252
50576.736095
77185.549615
62593.625461
65556.919085
57210.955974
71493.989162
1379.808683
22147.128780
9516.508595
59804.423500
40199.239097
16133.004473
1491.238310
8678.022722
40816.699678
58757.623258
38261.128926
52970.720006
89704.667578
80633.579411
11711.022582
89202.439400
6205.953141
65778.942895
75242.709536
798.265768
79227.954551
47677.765708
30653.717329
96751.555605
43612.493913
81229.453424
73936.105220
6205.119328
46785.372463
31146.061148
77698.108489
48164.181147
53292.189928
87213.617131
7967.604646
93490.429026
3345.621557
9457.842956
2167.451701
44161.321282
68214.466214
40427.580673
97131.041289
57918.133746
21060.160037
8841.063824
47119.573146
27265.113178
74619.006719
22361.282635
28062.378993
53845.961223
70038.048343
58715.096322
50596.516828
13649.542209
39943.549700
24531.622002
19853.661537
86727.922163
55676.683150
97550.770026
34891.103263
8967.873032
84763.387110
42857.707910
2457.302011
88108.008714
52314.550865
4623.753758
32268.329950
20528.017080
45050.334432
29398.371192
78445.150825
66109.494469
38238.435016
25563.723924
93373.607647
12856.441735
47924.006559
21434.986594
66701.402958
17961.054855
80149.082916
17296.919739
31609.597064
20091.632569
41827.541741
51462.258601
6818.554686
97503.224891
49012.028627
41708.657995
6470.097876
33774.415691
84565.365905
8926.399933
21881.424359
36878.916770
13549.153692
54148.754309
57405.933850
58598.488123
83546.125501
35850.084629
24706.982546
21783.560517
61412.808599
18079.590146
34639.002252
9335.815112
39513.576787
1339.405163
27295.870013
19661.659656
18635.324949
58904.467077
39752.292271
60461.866690
10365.725678
46569.846957
57964.091581
59376.754306
88277.504953
64433.189457
93150.169997
72841.870858
73358.589391
15030.594356
9719.787582
86906.743082
69178.348665
67124.721432
45504.231159
52723.474166
2973.806014
70210.213705
74506.034683
64385.614613
88288.803898
9144.036888
73720.429771
27801.380638
10482.442050
1015.299738
47462.040294
29116.766999
59918.766815
87213.332565
89577.633735
70283.492493
33782.179522
47540.725270
29659.246753
22058.684428
11972.914681
22808.416750
94899.555286
85330.504118
37838.011105
4618.342821
72236.247154
7015.359723
71742.064252
17739.478313
59737.833889
74714.870312
87948.692018
34242.868525
39099.484879
76236.495869
43385.905413
12818.914604
4036.876460
53867.347509
13833.214341
51497.916801
82983.114508
73750.981203
38710.249319
72559.748197
44033.473650
72491.428841
20099.473420
73691.720449
94549.113316
32071.388148
96499.137199
89447.668555
17400.892219
34336.148257
94065.011422
89636.139373
41350.507981
65806.075628
7374.617639
1087.341870
40519.945894
95322.309704
35329.210395
79618.430819
71557.805527
78714.115854
92436.345423
75593.682034
32580.463316
6268.559764
27090.598788
15562.577778
80018.540967
65799.848106
88121.326022
24051.014570
38290.276947
8219.799396
97741.735019
32838.390216
40290.187543
94239.872171
22285.058725
57690.079762
28575.020382
16349.070100
47325.219135
69924.528410
82154.145774
54698.836775
71010.870279
22673.091621
50020.146432
6339.080627
2290.522394
21576.951959
85052.196481
94725.867863
97169.633992
17631.659750
993.427581
24259.232733
33193.237575
81010.968548
90058.080840
21313.563550
5060.983071
28347.357741
29532.362946
2801.718091
61184.747957
69821.550536
97040.590262
83468.806728
27510.630251
25614.610645
99816.876828
74834.849387
95538.139054
81970.022556
29532.686161
66548.009287
4642.114177
79551.832594
72886.089914
6931.636571
1127.784506
57937.286394
1656.504388
98296.418498
75567.946145
2648.931968
22554.651185
8760.183674
83658.900516
12611.732025
30072.747224
88718.883634
40958.089765
59604.110216
91519.601725
2141.837723
29424.660706
88559.191940
85609.644451
56934.290957
14172.802539
85425.521233
31768.140344
9709.941546
67394.543789
61299.826505
76256.950833
72035.657966
40850.659052
49142.040747
78966.294538
41977.443605
7078.327095
80621.798972
40272.862056
82645.273239
83269.730940
62826.513288
91404.456960
66927.631456
75437.245313
21476.204137
55645.515043
16394.335032
81079.314353
47164.116721
18535.172754
10502.975012
35722.308615
4143.817158
67436.266016
49894.111200
89568.338438
99203.406359
59603.052746
56961.882180
60502.232818
35859.003579
28996.540100
1351.891824
85000.044326
7961.834591
43328.335428
92077.371420
88582.633562
83600.197531
74721.644613
71851.364502
46425.710772
66125.101526
38777.995912
21861.956038
87600.305710
94422.510955
38255.291070
68678.620016
41585.627629
56789.463870
79180.595075
77306.936244
60932.281029
46615.861044
27200.047397
50499.619420
45818.267357
86802.100190
7460.501553
6319.500129
22660.103723
36456.041653
7670.391952
7659.148002
44416.876290
50997.727427
99735.519422
32998.509806
34596.924911
74456.163988
4848.874262
81021.635684
40580.265515
43625.870173
2882.591675
28179.571178
38047.381081
41136.882745
96857.191194
79632.008711
97925.346616
76036.786223
56937.944955
58856.627644
22651.647221
84136.992352
9355.247017
68468.914578
70938.092496
16814.748617
74787.414707
93597.196218
53269.790270
82456.806705
1255.344173
97685.666560
33453.534086
989.863549
30683.176366
68049.458997
75445.027584
35531.050628
49070.094634
16024.293052
79155.920848
51951.686309
44202.864230
17202.301883
93087.569055
41059.055377
96833.310640
91011.915670
17094.841600
53770.255548
49867.543268
39745.488820
37906.247853
59221.790285
8213.403398
8843.340349
76035.538902
82999.818105
2439.536520
29304.329172
65455.624763
3693.880740
26988.995686
98908.158849
4682.744289
57671.172051
66956.617800
80126.771873
93201.222726
16025.712387
96150.064925
72356.143527
67976.398697
40351.929108
89557.445409
61062.967752
81409.984531
86389.756002
52073.883375
98503.826131
40159.011504
1940.426596
38248.314905
78064.259403
61161.216882
46460.718303
86906.599752
37195.755784
29459.536408
89345.136272
66499.084956
94914.161171
93038.017012
93487.080642
93821.320020
97719.761348
51157.252693
60776.937774
77845.533174
44357.475372
76801.650208
73994.598099
16712.618852
44777.048858
14345.527160
6269.064215
5839.016563
95754.511691
92657.820264
57911.899938
94257.337776
32815.831721
59851.326534
32504.652681
10879.091078
21011.543416
78964.370984
97784.690830
58206.299200
8422.907345
87128.827102
24704.384109
3336.068516
80165.844068
18190.464704
97156.388536
77884.605369
69346.717397
57932.326264
55729.138544
13703.192723
34732.976425
29722.736596
30414.811575
79509.025329
44067.263756
36682.875836
85347.041892
39820.775447
29339.696054
43257.941830
34077.113177
62154.527775
3108.268318
66580.765857
73032.618899
24118.811734
45544.136841
70816.309682
82324.110934
53966.044186
57944.136738
7027.494996
57301.112703
38108.980805
25216.959747
54456.501192
15992.586128
94562.677144
12387.827456
71720.724672
8264.869867
47119.803881
1442.461221
38678.681442
26627.829163
45508.725023
75360.557278
11973.871056
85328.500471
4699.253285
55230.812886
19404.613601
66852.781107
58338.081204
85984.379505
39884.399960
82455.892985
31527.516299
10699.709595
64779.003872
85492.560486
68642.846380
71805.498915
42792.673188
6750.827138
97021.458661
97248.174381
22742.413267
91583.135759
9635.001790
94462.137985
99847.005626
56753.805718
95903.599206
38524.687068
83380.634881
41411.324183
13884.244299
95353.505937
26738.824607
18582.497631
50583.318777
46142.438254
85434.278738
8920.399981
32125.817712
25317.678651
91375.292966
63652.334012
36016.388247
56153.296791
49143.894451
4658.234580
27957.795659
91935.567640
11408.061718
24978.254274
89182.742021
34149.475031
16560.390033
98816.743811
28610.612970
16406.395612
55569.549482
24513.212130
54930.082680
38949.184363
65923.536359
68813.327026
34301.690253
92661.360966
87394.824657
84884.009077
38802.799174
72828.103349
93803.409057
70927.616886
98144.782000
85177.701977
34578.950851
34160.170200
41329.998721
83721.845349
38817.404826
69286.794426
75656.412942
50224.466545
94264.048700
64838.154916
84372.941576
10823.438687
63653.898727
12982.554499
27228.834345
19222.448162
37494.766675
82157.917025
58170.632525
3417.302988
50970.244005
92471.322825
96077.663954
38364.068615
77354.331855
34879.463128
11191.171918
71156.740866
5806.079968
9334.953871
56333.442796
40384.030866
43494.124118
97662.441517
24104.876168
82310.528944
66948.235897
99760.289110
32533.995442
61211.284597
64597.444026
16905.937018
72033.723283
28250.342706
29887.491517
99261.557629
47471.790868
67381.258193
81418.474654
5641.423394
70797.561181
32387.718612
98111.746219
66874.225135
70750.787274
75465.078028
1752.688217
81940.959192
46620.818847
7557.768184
91274.913109
2953.261596
47940.799050
34768.037181
614.703067
72044.675218
17077.566078
67561.939010
71803.964328
49610.561520
28772.223560
36400.408307
66515.498539
804.946797
64649.751013
96401.990103
65.504426
12120.541835
63782.248249
81482.979080
17760.965229
34578.809430
13869.697646
15871.711401
1452.034519
84619.484920
91335.789429
3203.722735
66559.444112
37955.608229
10760.490920
57833.357175
40907.869825
58700.290016
92600.394355
41521.572939
30743.965187
9676.960387
9082.511902
2546.929468
59286.521907
37853.735463
38946.337776
25801.020446
38657.682260
3595.088742
22202.010502
38722.186686
15714.630624
85983.258751
20204.165719
33474.595853
20561.068134
34072.863412
49345.307300
22012.102653
18691.348286
40680.096682
25214.825388
85249.792397
78634.704958
35974.316355
43082.149526
19541.574737
94673.606371
35681.543834
61062.147675
25416.571511
45357.504221
70143.659578
27962.501027
4643.026129
7996.394994
66907.838802
30443.046575
46653.077300
70501.927591
52644.057077
85374.263986
86215.558215
38626.315781
5577.429705
19689.154021
59186.383962
39649.293117
69033.461321
81197.486615
58339.641402
9712.558004
6411.312004
43588.433800
88346.262962
42384.628358
86669.583325
7886.837652
37057.234682
22350.127160
68947.985374
62472.806194
67706.631381
39090.644905
90434.307220
72348.657509
47086.039945
57341.146023
2790.704037
93738.117245
27842.073567
55433.761114
79111.381184
14056.631735
94059.076941
84687.810889
33744.785757
53244.460857
24336.103959
2777.247078
34440.947426
82674.745408
12488.805082
40851.259429
26262.179161
834.067997
83234.887788
12930.762440
8719.905649
20291.122423
35279.889600
77666.891022
82762.928664
2985.520981
16756.535927
73196.235838
75333.178490
63841.575872
30536.381814
78122.882574
57578.693070
58377.455381
33555.643641
36689.074207
72433.087116
27613.720536
21375.885096
6176.872873
80857.181393
45710.989055
8953.119951
15297.128818
28384.734416
21440.925032
56147.388248
54645.913578
22273.993029
39381.276035
67575.676065
30992.898678
59671.398459
2854.565618
8658.789700
42433.327076
5839.086598
25414.325627
15628.562914
81171.265135
89254.901499
46163.944728
59293.147662
46832.594522
4540.400108
92847.791303
83520.668730
76972.487225
20460.511839
4895.553779
83148.360097
1316.693185
50605.542881
92100.480048
16612.822004
78989.277297
13540.405034
72759.210298
33634.190875
35813.398063
12139.486287
1208.866893
66805.296787
71809.884745
4062.432511
75463.086487
14242.211821
9900.519156
876.412068
29869.774735
91070.784291
90130.313567
76032.719463
50362.931906
36961.908043
80572.119571
43209.723163
20481.576726
57543.606796
63669.235002
25376.130552
40690.966847
64984.928234
75980.673432
32790.446894
81596.750238
54968.950683
46329.851928
54354.960489
88602.141557
82142.250038
66493.446776
89810.008450
48946.546778
38302.331521
93871.441007
24408.633219
52543.543343
3770.960116
25284.045287
82412.318078
94840.744407
15413.358807
58444.037494
45202.676267
52374.266850
39015.157066
88411.399430
72854.843576
96557.763862
52079.634432
98229.974127
37247.730662
17063.562619
74209.647513
70037.177556
98659.312857
29177.598196
16366.029484
53013.273346
17778.739706
98507.279522
19505.720075
7587.748157
47452.826254
57807.051596
1458.189117
71860.459473
10349.594892
5228.149234
97143.504760
92760.912970
67.893594
12555.863520
51203.950464
45269.569861
64929.130370
90218.107530
33679.969244
37782.973899
86774.871345
85758.603676
36011.948027
24021.601960
2821.166248
10220.595493
94057.779563
1479.479105
39397.193688
10422.809000
54491.752450
57174.933441
8929.088475
73996.472525
64761.681598
56380.914729
31802.524121
66218.870715
28240.374155
42151.119013
71446.019949
25382.878868
34911.031983
71512.913543
37937.742389
86113.982447
16781.483358
2865.872712
76331.089931
50460.452602
40647.846611
63104.961229
36218.056278
76658.794638
87125.563189
39038.222527
86878.390177
81182.342705
40516.701631
26274.583819
91604.151705
95007.454082
83448.517261
532.240134
69002.926607
48209.198812
56912.154863
804.450682
14427.069481
85151.529018
42954.569695
85872.089430
10533.407840
77864.601678
57384.002926
48470.150229
63977.584079
74164.486284
51335.022941
40307.673963
24623.938887
91981.869599
3411.635145
60840.995165
68639.664190
90536.198380
99878.217691
55517.054321
71717.541039
40393.919323
81790.638187
63320.692744
35400.373358
65238.155401
63851.932877
4402.299918
13446.354213
20763.087740
5205.750600
27872.423693
5913.616712
48159.320341
13743.513123
16446.024599
26022.921973
71126.516049
64915.174827
89999.506098
45290.002333
16249.197768
30306.180014
69912.941220
8230.067320
33716.815206
30752.936338
76868.731510
24252.013540
30630.153983
32384.785831
95968.554579
71023.073306
14174.423971
59288.247276
6422.446664
79411.579372
23139.180153
10823.746582
92856.933585
43901.267893
16028.497228
20728.357278
49813.884605
64186.817570
34470.870401
66258.909204
90208.739542
5596.386403
31173.084031
80207.245594
50885.388737
47421.281799
10512.425608
20797.329910
55650.349119
44228.240814
51549.266249
32518.080583
68479.254354
82178.420278
64901.866414
64446.808886
53200.493537
79075.290385
23734.056161
59621.940201
58485.869757
46872.236314
70444.686829
51341.803295
90772.504208
86472.184057
72069.160573
40585.388767
50658.001580
6539.030927
6843.297971
40865.741076
12134.417377
38015.382002
21071.986670
63018.806114
85435.663801
31583.412278
83815.136071
41085.012874
75810.653092
35363.402273
73602.093457
44288.907399
17540.822505
38502.959871
8734.716239
70740.316088
17577.250209
32467.772400
30361.256243
76062.119966
79339.008715
804.943025
27402.923261
70110.512876
87276.127083
99471.083834
10694.901643
37933.128617
6009.114762
17537.199613
78797.869739
18142.532139
55551.581615
99868.856409
81160.338253
40986.245370
31451.268641
64974.474278
82070.258244
7260.921686
336.876551
55671.351654
51548.829086
17876.699055
94173.311525
60282.545324
88616.015144
11749.561734
92749.317771
18976.271387
87810.681700
72087.326439
19780.214412
15212.604915
42196.839315
7055.341495
14682.688750
52890.740957
44987.470111
20690.803511
70426.940571
23784.339804
38832.335650
25977.522139
23652.196167
19991.673857
66962.767509
55102.464808
84965.148181
49032.025706
62362.386494
85301.024732
4702.377314
13910.215533
3176.723740
98874.688885
74191.760904
91791.738931
10623.250573
66940.078629
10767.010271
98432.932274
39026.405021
30546.224683
13644.537189
81222.244336
37600.566177
28326.225938
34111.985247
82587.036335
49016.029449
4537.925771
6370.376092
87847.365100
30514.447910
30021.572306
7838.038910
97476.215419
85123.037113
92802.187091
46507.241079
47484.423607
78102.211776
51208.618439
61393.639140
81277.935563
50082.307278
35584.399998
73068.674447
60704.557851
2523.478580
83834.684718
59136.490078
41548.883647
14379.909354
72780.027267
22770.127936
51979.475578
1105.253158
56881.113230
34565.511867
50120.282608
61418.039000
40934.887959
37966.647661
91931.486957
70955.460265
45803.686618
89406.702329
56077.497378
38604.873662
35912.943408
3560.920938
16706.085438
87120.561847
64953.560079
97983.021001
37201.869078
536.960077
71050.695402
97905.426929
3059.438656
54884.380074
57040.916961
44607.322304
69263.289428
29819.944228
67376.450287
21241.764959
30924.197386
24256.563470
55806.276826
81043.480041
85673.602470
96740.164831
19009.127655
77604.089380
67694.625050
64811.814273
67009.791709
23771.122381
3415.687935
2921.735070
27331.043319
20120.773373
90041.296917
92283.603445
18102.794328
27242.165949
92819.563521
89152.489730
25146.592832
95878.002178
44035.869757
82186.509793
40484.324481
13298.159138
12005.453974
7859.774722
34538.924144
42928.651407
32115.338191
90344.200970
23971.131401
17787.940615
87083.365755
42979.259056
95391.030041
54776.990804
7790.073329
62399.821703
78547.113185
11204.761264
65320.556773
5877.156504
31324.534637
55360.853644
98159.759949
49426.328965
82602.019592
90978.323424
38577.818648
7747.612377
86855.325555
82612.688405
89933.122170
27338.649990
95909.847542
1937.576144
35197.424711
30447.771640
44865.227551
67311.762902
20790.972609
68835.358951
85098.703564
7873.338317
11813.617961
80488.733558
62649.329121
19602.691291
42887.555215
41195.442306
30806.452555
8207.111942
47071.598810
62129.987192
63566.965585
45230.358713
11555.316111
46167.985131
36207.682090
50132.134759
53914.597508
23062.007598
32743.823117
43846.719632
50399.657634
28652.670659
45783.295775
85596.082345
59099.442299
90647.523326
52906.845248
79889.414908
59481.882231
38004.548765
87761.753272
71294.500239
18492.282276
50410.082347
90896.191529
61378.837491
91604.524653
21701.644084
69584.949433
38675.123417
83830.631276
33150.914971
83904.482130
95384.947434
79317.900102
20111.164173
45516.082146
33231.497564
43172.171818
78258.905309
77077.217196
93570.829452
6910.575922
22859.512971
79165.911750
66009.018221
13506.036250
32071.756951
45897.433129
72986.918528
70075.305716
33658.186354
44280.418720
88566.587992
84067.268701
35175.610203
49944.425436
75670.793354
56876.254287
19528.374822
14344.916725
40705.885563
52678.289794
98248.398901
36089.832950
31995.189849
18358.563027
81604.915096
65225.687413
61529.734845
59862.820359
42301.904608
55099.564250
66772.396281
65160.417579
34264.476000
32780.414501
78665.453830
66335.232952
78676.847630
51651.372311
36409.538668
12334.033938
95930.791031
24975.126613
96400.302639
31105.401234
74918.552096
72070.095947
87980.655521
94445.926919
86414.012718
28685.541038
47123.216712
84661.411572
64774.373988
79117.406561
3018.974553
46378.289084
44342.093974
64547.709445
6240.109396
86642.998583
19646.273648
73011.505723
51802.416116
53909.749648
5790.920178
30466.869899
20243.982600
84466.767808
82117.242257
56652.521268
96799.801747
78047.033242
81626.647881
93199.104339
9151.434429
56544.199931
65268.200286
97131.089997
50989.126849
51681.212958
25815.630988
98111.343562
36341.624483
90589.005022
77227.750076
39359.599037
36966.294060
21568.844004
3906.308435
43205.403456
8210.842540
23551.582129
16215.909133
60012.258656
77460.331778
22005.829311
90478.128602
97703.314378
6471.597073
72594.370812
54354.835599
3270.398773
50640.404008
35980.483480
96468.503159
59790.838483
92523.683410
61735.703398
56920.928434
43511.810213
13415.916309
82735.559422
41622.153728
49756.540793
73323.564398
18848.903804
89115.139829
10288.858411
40416.747808
93020.448311
53493.261913
48626.590395
16571.030393
69708.171046
8637.849005
94030.362171
91713.000403
99114.977607
91732.676549
98183.597476
71708.348373
46086.512101
1452.996249
22347.752380
82065.995580
97920.499407
82137.590864
74588.678991
59655.202759
39057.519251
18099.489157
73070.119068
21792.078626
59720.642931
22825.659815
95114.643070
78568.546736
11939.799597
5402.501435
18984.294498
4959.247861
58894.763348
67609.884893
21529.278255
28601.934394
76246.733945
15558.640426
20313.934751
75360.711505
7290.316928
18496.532180
47068.059878
53375.829028
19948.528429
69414.812258
35440.824609
17868.027790
51551.403075
10028.503553
77522.230549
90607.922326
28126.992710
50591.349571
12399.000905
87846.635641
73416.009386
7512.643929
66414.182331
85354.809029
12914.145410
85397.476875
90313.056891
71807.908758
53006.361721
11841.335146
408.843106
29252.095620
27398.975571
20721.777857
4611.807125
34688.292499
39217.310084
51678.867003
88063.121527
59164.838513
21092.679214
23502.946090
77031.866350
72643.082289
33530.449642
54553.096852
63250.004569
61656.442399
5143.446423
75648.005474
49502.077994
78558.455809
83159.649450
15915.260324
63912.264792
96072.794860
1311.737152
54224.321683
67879.703572
54317.098874
66064.656828
68287.546724
83568.194540
93462.632400
89008.324581
88179.001665
28149.924852
28224.634618
39856.868621
16212.046333
87388.473177
60948.547835
39713.992469
64419.339480
33590.630077
73243.442111
18971.436286
96839.634646
34898.884463
24113.882709
72486.640073
84399.962503
2671.338518
55645.289477
314.222781
66582.603310
51717.084290
1624.959933
20805.924947
19595.787862
55941.058807
86869.581775
87882.334586
39508.253300
80331.214128
76889.659120
27686.254918
8480.138933
5113.293738
67542.123539
24691.185313
92500.766914
28489.671327
64404.177781
56919.106348
62079.301405
37646.619846
75889.542633
58917.936004
72544.504356
2.425343
31403.576077
56943.466813
2672.763861
87047.865554
57256.689594
69254.367171
38763.949844
58880.649527
90059.292164
58358.737706
14820.708287
76927.873893
46240.072246
54327.961634
57258.088021
23128.731319
82013.216552
65737.226954
28241.025057
49554.340091
90427.412267
20740.791924
78043.011418
54830.590002
77658.898272
40121.312823
92476.209894
53547.440906
99038.248827
65019.714203
53548.866248
30440.824858
21962.180969
56220.630109
17487.690412
79217.870563
25473.997234
56250.640256
38097.520043
15532.289352
14608.377916
52917.228330
92459.163291
60847.450162
7244.189918
49716.251266
83975.181481
89256.406516
15452.478174
12215.206537
38809.746561
5878.890441
32954.998462
16851.757933
60708.480442
10612.896734
56972.070756
53183.690289
64159.337640
56009.319583
18202.404446
17707.203841
86449.144441
40163.585415
73926.833951
3935.834806
19380.455931
99399.831185
60185.475063
57476.975974
14931.120537
74792.852978
10393.204304
7389.283781
35639.303093
17636.394222
57104.535047
19613.484574
6891.800692
72556.013221
31827.691111
45700.547252
78433.903662
64781.689573
62551.305232
39141.384104
75393.586307
19522.375941
92324.074393
39551.923900
75530.695524
10525.478839
57258.127742
61978.839964
50688.064254
31183.961646
65913.674771
70067.520232
30582.792831
26098.149833
27543.496159
45512.913367
890.002765
37935.700464
52901.197149
36528.305905
55571.094732
10004.732149
56140.790479
62461.895424
82559.745371
87967.481591
8161.442676
60992.649032
52748.171117
70711.747908
133.033089
28140.757425
90233.123849
92456.107482
67691.681325
65762.819373
2980.586275
24948.809067
27740.659291
53667.650575
56131.770713
93653.334061
23734.170761
86713.563544
19750.483848
51276.666920
32225.476865
20639.486659
89211.367431
85125.674013
57166.792564
44781.462116
95129.406163
13306.582997
7242.357494
77688.151533
1273.064541
15402.800170
38679.800519
54020.235658
86113.548078
38811.833608
82159.993083
76345.671928
31266.941044
49850.674408
42107.491254
34246.527365
74798.483475
69847.150544
87913.177941
30929.254142
63499.484559
11646.348655
17641.817686
83248.968454
62922.015575
49866.294550
3887.455066
52132.382959
34990.968564
61053.247631
96912.845075
30119.374680
74358.830628
4154.202569
7806.526167
75630.895169
19556.002739
46485.326686
29650.130781
5668.550818
85296.160294
11809.123864
82013.222745
16562.101338
61658.798272
24119.713953
50807.628704
36456.281701
93965.864497
38719.806598
67384.535843
57464.349010
50365.155253
85025.353529
40712.317417
13286.170781
34890.648079
44598.772483
65417.553787
69880.616643
5651.020067
62329.398816
99998.991323
80008.850695
66482.601385
7804.517491
55638.745818
86037.604171
54288.844177
85287.876646
91705.154989
39584.004471
97096.000510
73717.377688
56145.105809
58753.798736
97836.091640
6951.734466
95209.080437
91800.956091
45670.541064
62592.616233
49264.305054
96034.696316
47616.969762
89975.622517
9319.867051
82506.617841
34573.394953
74736.420837
52386.234438
40223.415067
37064.819653
52384.225715
20231.265716
3546.420991
60187.743206
75869.011581
89583.025162
14475.587382
61155.888180
81287.180104
54058.591853
58250.888643
55003.557745
10202.697615
17003.687332
52838.649338
17153.432081
12211.767722
44638.605382
62822.973144
74803.383955
93901.910483
58856.669414
22419.353670
83876.532953
68175.536465
4924.971465
18448.927860
42910.957302
57310.205903
58671.342927
79974.776955
9693.431618
78901.608690
83520.197946
69880.174824
54769.620224
73102.223108
84354.762206
15924.508357
54388.403165
38412.354012
74174.397000
9390.960910
48614.051627
91177.084332
62228.610248
65766.483708
3387.852007
6866.215631
28588.456806
78190.235962
767.126067
87444.126220
608.589633
84642.659020
55618.662685
5532.561098
3090.586833
98528.619987
62841.767048
61760.929807
78502.396896
72534.198666
40661.538450
62021.594795
42413.373443
95430.158674
35122.817857
26767.135649
11353.666985
89510.221068
65178.489661
85527.063985
98900.181978
13791.541288
76703.148270
61127.792180
79557.024996
80090.000277
67993.007811
8144.481802
58279.236193
68759.133877
95587.608022
58886.825825
53400.792851
51205.270661
64418.386970
56490.379730
49732.890601
27259.153971
18250.309491
28234.287450
99792.352637
58910.847941
90254.882292
42204.726034
54340.006568
25376.700102
68970.861683
65692.673553
14885.921124
34148.351344
51218.737492
13785.103055
47938.892633
27920.885715
74911.895282
27494.917582
8009.885946
42903.903046
35638.399385
66288.122139
11662.036923
31225.007407
25173.947964
65061.829774
82429.278067
89591.334934
21551.209458
32161.168668
16849.488858
39800.518948
60394.456118
16640.841449
98710.366889
50648.338364
58844.567483
53049.373411
76024.038512
27814.429166
18741.046918
90908.959636
61961.780510
69958.784410
4693.062691
9899.673096
97878.670125
79603.957973
37393.590678
5887.556025
22506.860972
73030.990109
72174.678210
34167.897896
4254.997469
97347.626174
99228.727716
86683.275537
86937.961062
20778.937128
18843.444159
3786.449874
60578.456123
79236.900323
20426.291322
59287.822965
29884.238641
79269.858805
12336.196376
5907.277106
7083.287924
31076.243294
96815.236788
69044.068434
1034.027703
1507.299433
78942.741529
98911.697828
81110.257406
16335.332207
4798.253853
3616.118332
89365.322317
76971.932063
37783.016274
93619.319786
74318.558191
37010.743944
80301.595276
61255.519206
57788.681072
99144.039481
65040.969080
18366.137148
78379.939758
85466.260402
77652.960159
8263.178352
64735.119160
89988.156535
14169.455505
71817.407131
21063.399783
10983.692247
40860.475518
22096.427486
12489.991680
19802.217047
21007.125315
93599.249086
36136.549255
25804.379168
97214.367418
25500.871525
2775.311184
34996.383646
19119.191264
77092.869375
72006.127590
99419.786540
38347.388535
29793.808662
98562.825975
3387.357568
48158.945810
76941.765687
88852.617970
25810.905923
85203.944086
53586.737084
15798.062412
99372.399590
25403.144168
36860.462241
10355.091791
66262.619733
58955.889727
22844.083471
86063.836780
79962.015042
16442.332510
22199.385988
5765.394163
13655.699881
47699.257513
8539.705347
48651.083574
66817.448777
85631.574723
20656.211117
66236.235271
23977.963211
50449.019779
64798.061246
27364.320779
98606.965636
41738.826886
16215.938702
24416.871512
26941.770925
69801.675833
40213.933971
26313.170469
95203.820001
77073.396212
36667.262260
61465.439687
36028.285893
59510.345731
47528.276421
15989.300934
75951.678240
69726.662409
21753.695097
89606.378168
17424.919876
30292.400491
38256.461696
84241.368653
15922.975167
58911.672813
50476.603924
39899.938425
9359.692593
15273.665124
67263.259204
7965.658182
57011.492011
83478.197952
32381.529694
83952.262983
53278.873738
72594.463665
10264.433405
48481.693693
49666.859830
46930.695712
9946.133380
85694.145770
6440.041396
57473.409800
1682.446657
82390.719683
27199.072210
23435.141755
71996.097805
44622.992085
53726.542246
10251.559454
28863.360739
69648.517460
69162.232267
79338.964663
9547.455839
78520.924860
94611.629787
76809.715042
86485.583042
51622.121751
60286.912948
18866.112736
35573.384687
13564.786640
91459.576401
45836.818139
62045.480379
41125.436232
92766.513851
71990.613758
26818.581955
99205.555247
29463.023512
28500.028612
81595.274883
56661.095722
51934.170367
53590.372641
1283.087807
5659.712613
63840.932095
30145.448546
75307.230073
33002.164362
9483.413162
84853.685912
11522.089175
4094.042903
61662.400908
98006.672264
55715.164654
21948.313855
16871.784954
91287.549387
35512.100495
8330.361309
37123.367479
97556.580874
49454.797540
29888.881284
69546.194586
76272.379495
29093.436484
99008.218144
4771.408061
10687.711367
55668.313820
56704.578474
64277.084008
56950.401627
62363.291088
28117.016103
87094.850173
37669.521114
61118.180465
96577.263335
22522.206980
72639.269641
670.306191
84183.607887
70644.941858
56384.470891
6130.921696
87515.726812
47671.020232
41642.022238
95845.088167
84793.387711
39197.603065
45298.885661
14681.268948
8742.797651
21570.265156
43773.705432
7750.015748
26340.673217
54460.416799
63417.329568
83044.251691
18736.500806
20366.731195
45406.542732
46852.516909
7460.581321
83075.063846
7969.697328
4036.844656
5596.270780
80607.966969
4706.150847
89778.878714
51251.908827
61089.621738
95908.800410
38766.635592
8759.641923
37549.822601
34610.723713
93552.029634
76746.425713
79908.609420
8232.298536
85488.223363
1477.874529
52005.004015
93237.239112
27817.547746
6464.420767
56653.568633
10860.799437
25199.921573
77019.299828
56266.342169
72051.438482
84478.881195
39340.406015
80020.135810
88514.725851
44935.676795
60627.102779
93219.876698
34713.555462
11878.011560
54308.498436
30621.355872
50643.647152
63067.140359
68170.178473
85253.370911
56618.169993
44915.604139
65160.980285
64849.468529
30402.827456
66637.854814
16853.472498
23639.066521
94454.402559
23316.893311
80291.635200
5314.201950
48515.814884
57309.934982
61579.544165
20566.253366
41787.816130
918.950133
585.389130
30301.541935
45853.626928
61211.491909
23520.418632
80566.182437
73088.503469
77827.917068
11186.538262
23731.150621
40894.057380
79355.716735
8983.521486
97511.227374
24270.320874
74143.501771
62359.695903
54672.148329
40780.356538
79212.168401
78310.214897
35233.759051
2528.061665
58600.850050
40546.961047
51042.876595
15909.784985
2125.505165
71608.129961
57696.601162
3043.455298
72192.519091
87997.143097
48896.082226
33403.011000
11516.561683
29461.264616
6490.514423
89343.478751
40646.802878
30220.665044
30236.536131
20001.519613
39203.186530
27746.763458
44270.840486
13345.688254
90105.459361
98941.988816
54125.044792
69316.627762
77251.203666
89357.803889
71843.689427
35851.053670
29903.764889
22885.565975
51759.838702
32028.270054
94492.695936
9455.439818
35070.725353
66684.215027
97451.582915
83965.807579
86.225981
8967.144598
13426.072196
6575.740404
98309.623349
54071.875074
36795.405494
28545.159433
74072.394687
75997.592024
56290.922938
18342.235127
89342.280325
46395.382253
17283.223942
43466.325070
15711.009968
94533.427608
32823.128913
87553.699441
30383.481278
62725.893802
10438.265369
82142.319980
94753.163857
4929.961305
91596.759798
29822.889163
71613.176332
89047.342666
13787.696742
71698.402313
98013.487263
27212.768938
78273.142717
96322.110612
81283.644012
15067.548164
24866.269998
55355.038698
91064.140235
81156.192936
73696.273825
80405.420514
27550.575189
90978.497767
23870.745538
43260.585157
85510.925375
56692.874497
30813.284551
15893.406607
19417.768253
41250.549967
98034.726587
14169.932109
46179.511272
89630.486338
43991.821272
17791.687558
78676.828957
57778.518014
89489.089871
76689.316221
84990.286952
67761.232542
73010.426786
66272.930964
82827.780753
97875.696785
21626.969616
73890.920942
79030.889721
95322.243440
54295.341409
6580.464863
86299.741208
78165.086946
49840.050020
71809.666536
34856.961397
80652.334618
87702.073143
54273.729696
21901.884538
85735.799684
68442.661805
68080.395810
75365.285975
12433.483031
85871.083368
54041.114886
70211.001092
75359.173193
30729.431060
55200.287997
43119.405688
3738.857800
21472.218914
25946.186394
1613.554584
43098.188530
99836.107336
80643.444305
38419.431970
54130.448698
87222.909169
24718.173132
32294.535644
37061.959142
96526.839668
67150.497041
17713.293713
84227.912765
21423.226690
39614.178251
69962.712402
89864.888496
7693.574015
45326.998331
2297.371526
93563.657383
99367.113217
72507.372618
68921.830530
30095.544278
27706.660568
12040.236218
33833.402077
49177.879529
37985.422612
35445.956662
92275.068060
37820.529948
16088.400921
30693.499983
91949.978646
3310.310043
55410.673115
24243.514243
40371.269232
51936.512736
91393.011331
58083.562945
36163.425455
12815.237975
97696.741243
6125.137810
2679.126471
5389.315211
51451.136142
4975.497997
98951.972640
50817.249359
77481.870615
67872.803123
80911.793636
5187.531136
79912.039341
14744.195667
54364.410666
17896.461953
50189.152376
46638.478725
55715.991901
66276.553296
77330.978709
47664.970500
69585.863386
32740.651824
71907.484790
9956.132571
84676.164560
63299.496075
68038.695516
20838.590015
76113.734050
65734.436712
26962.727825
78791.860520
71122.751969
78412.864014
83766.358517
70073.724563
29229.113326
61247.229085
37945.527640
10139.906916
66433.760268
17856.566981
24883.102583
20797.170887
35752.028934
75071.254959
67434.649612
91467.020835
41346.808255
44764.628321
39130.991289
10931.671595
77504.280145
11037.476032
20886.804166
62179.444658
74335.972107
88924.499681
83017.034673
50448.706157
54657.936393
9978.762499
29239.566630
25779.688316
88390.626512
13004.925147
95852.412879
17618.739792
74251.154232
33796.940473
27757.646708
40683.914453
51652.507454
52639.749291
61480.085386
87403.536388
27710.004249
28913.734952
78869.557177
69055.812504
73677.363273
17999.548466
79986.484099
51180.643372
29036.024498
872.288218
13359.088030
3370.996605
89795.787899
96375.122704
53818.702762
44452.724246
6352.885156
83057.269392
70231.412562
94742.511668
96061.194539
66082.825395
12360.251414
70311.348771
99878.765914
40116.898121
10994.263177
51530.273322
92755.647458
72473.348564
38932.809710
20464.651661
1386.083516
17801.366840
89519.464166
75062.446789
35799.915306
69504.948218
26242.090161
64834.939851
70376.236436
39600.178191
68204.936456
60171.024289
35974.300848
22022.639171
4622.748535
42326.186051
5078.908516
74853.161098
37067.697673
1139.103055
40934.986493
49426.949133
71449.451826
40812.752361
89542.847254
82442.715003
92342.025682
82297.494666
54915.063567
31273.835346
2761.146280
56300.147083
49074.202232
92279.610446
31361.593825
84873.117538
61783.558617
57602.683986
49707.057343
32158.795006
97201.862177
17910.993752
92328.819342
33175.163025
39932.632923
96950.567877
75500.349076
45010.541486
71802.728928
12567.046702
46148.644541
12736.715375
61992.995835
17597.096321
53548.467735
51534.843089
38.811277
45889.493418
33831.337708
54952.874844
77162.328763
36591.484035
11252.021880
26235.530949
28870.094434
42612.615752
11107.648488
90652.653097
214.299692
60813.705830
22810.448057
97415.161916
78723.699629
15138.267353
30589.324894
18655.332505
12087.835183
6088.673924
63664.873991
83889.564158
18654.720626
9812.518486
96625.279533
80646.716507
27408.614806
50172.747268
32180.559549
27446.426130
96061.240686
66010.897257
82398.300975
73222.569403
2601.381245
93649.322902
99457.100398
31470.475725
36260.938607
10563.748839
22122.128776
36474.238299
71376.454670
44931.576833
33888.400168
50099.154252
60068.844233
64476.725062
68753.486803
72155.679416
70564.398986
32417.360747
56044.243527
89218.119659
42228.879279
52668.523060
69863.836120
69636.494086
2840.270282
2043.395622
97081.920216
98900.510968
68053.292880
79479.221191
72122.080324
70653.674171
73127.544046
71578.180676
2123.149850
9387.482606
82140.929515
24244.278626
45860.720905
53516.384185
69174.855460
79748.121120
3614.538390
29242.699646
44223.846136
72367.025193
1397.379062
14787.245122
4783.385940
57440.622589
4004.364734
47011.265219
10108.145603
73867.200854
16646.759259
12947.415885
75909.596476
13727.679475
11846.926806
43961.889310
93205.900666
83968.007177
14614.563435
66332.444665
55545.187806
16736.713285
75718.927271
37685.117322
40979.991911
21578.648130
91200.501507
10153.847371
1325.769203
94814.039896
39395.547017
45548.615385
67180.065089
40791.926079
60334.860507
71962.451029
98231.548714
64338.225242
18972.716202
8338.694271
38204.426049
35618.475461
21285.110202
14113.022479
49345.154936
33131.037008
58073.911789
42550.055555
17098.044139
72687.475270
8881.500174
72642.231992
89423.188555
84599.427445
10326.349267
30402.180466
6177.075575
1525.850727
40555.027837
7501.844778
96338.890623
79949.574854
53049.460164
63517.955666
20740.500933
13383.320624
35479.406649
18971.049601
77720.545866
54451.122851
27308.743871
15923.971869
90068.598359
48592.854073
30035.994348
39412.753248
81722.891128
88108.906183
81961.808850
98819.935267
60795.381407
90842.309023
71461.167212
50217.569915
75440.736468
81786.516479
80618.750380
81616.812043
83311.367206
21172.778171
89117.656822
79649.257829
1121.353025
42166.116985
43166.213449
21860.853958
55548.437610
78644.620144
40830.903558
33267.983476
33094.742949
68138.647430
49190.955345
23162.341261
16730.501503
79225.949740
62574.094555
98452.392631
67333.855876
44534.903359
97271.327852
28128.237236
35376.212336
68731.495064
78344.807151
10815.948758
50517.011496
58962.557531
92431.760801
33827.378702
80134.335702
81548.417623
13475.636485
81254.688727
23713.534562
56640.849933
3114.542638
79260.972172
35284.470031
43944.446197
12527.955601
68378.213026
12082.093626
61717.910993
91539.554286
28811.595129
40942.860686
54112.648795
27262.987714
8275.716515
98646.552154
24533.315519
36402.953751
34021.764490
93263.810583
14746.760856
44836.713247
43779.822079
73708.318387
37267.474048
77606.200781
53841.654089
18814.891624
91080.837266
35095.342770
42527.426186
47720.687153
38208.885455
21787.398311
83004.157230
82152.331651
34314.353959
51381.370209
94233.425277
96031.264951
42919.924449
23044.020360
36973.125590
97031.573290
50306.008073
45247.842106
95677.125398
74838.323639
81649.795857
29697.889841
68101.134175
96395.556713
74533.603135
11879.956208
70102.875099
11800.077136
89485.156989
23943.529142
30613.968761
80564.994209
59037.871912
73140.394947
28284.681361
97245.757366
94926.793258
11287.838544
79397.089017
29240.147170
62668.208753
73629.514248
25270.412075
5587.133155
96672.534654
62242.537665
2617.706399
46977.542681
7489.379724
98293.831843
21814.866273
89138.175581
27990.721637
89915.000495
85532.732294
2523.324725
1793.956657
55634.607346
14322.401862
91278.113692
79577.136488
44935.370622
71842.107855
38614.008353
18074.765523
125.789169
35858.765719
13000.558781
11412.627713
15254.854690
42239.705951
74079.836466
88883.368938
67509.118072
79665.969668
85554.903545
29750.655691
82282.676066
32531.446226
37239.035462
80575.507863
54345.312499
26376.210996
8565.229500
44259.312948
11907.943243
11087.554225
46052.269651
67541.550589
25408.956133
37329.383297
47117.687031
70343.326756
9170.491105
85730.695431
88417.092325
9295.280321
21588.461103
1416.651059
20706.908034
36842.315793
43655.357010
94785.744547
25724.684684
11163.475036
74450.714168
11278.588229
40913.130773
56732.390188
43809.034455
78151.166235
37306.898050
98153.346955
4526.377184
45871.127550
42411.659903
16433.320474
56957.681775
88462.929554
83973.871063
82365.637909
25791.312805
31090.558094
52707.964664
34960.803910
16820.253479
41124.056943
44255.084231
38407.714582
42539.708003
64960.992312
75249.030375
86194.065013
59745.736813
972.715013
97356.540096
34195.450935
12250.303242
38268.670822
90926.841122
56058.337698
16418.837011
28232.739126
54210.684652
20944.214195
74102.866677
96621.344555
37376.534669
31059.548452
85083.274063
21349.405732
13424.186314
10873.586822
52438.963827
66131.150979
45833.390732
69258.217305
7254.207875
90087.475010
7664.931841
49792.915878
55047.467276
82912.962216
35985.980891
14792.204042
83884.677229
33341.520939
48986.654977
96133.980518
71609.191762
39912.496052
52191.318169
88027.028773
68144.235225
6401.002775
8970.242922
42246.101855
3021.347284
46345.777637
73304.650307
88103.621347
67694.183370
86727.836668
98976.208168
20132.147150
52857.987600
44808.598900
89389.364455
60111.195521
34895.073864
97053.296296
9903.111352
89941.541140
79965.258466
45888.092243
4732.745135
63848.935649
79228.613182
53718.400112
59981.916120
50836.804898
93629.896165
12172.234289
38862.833624
61773.131343
18572.237064
47832.076592
4018.233199
21592.584394
94176.854229
77321.883506
9695.205695
61870.037553
64048.720127
8670.413863
82001.184703
16905.707727
53478.012763
71389.549111
77015.903248
88372.086627
68441.845361
86918.014600
78312.627721
48406.103781
32805.106843
83044.372856
12254.039383
12032.719979
36761.772921
72234.955549
62868.524923
30390.669039
84406.189838
1730.358501
92162.800429
2977.426856
49561.435093
96180.033628
24569.011251
43737.289276
73500.917087
34263.216992
5606.326782
37548.637214
42932.630855
87606.511484
54453.344940
96409.643618
58995.060549
31468.248142
84780.730199
27435.905864
18385.262695
63092.357873
75841.009645
51189.369538
46135.730683
88094.049074
63221.089564
82896.503604
60328.004576
26088.614440
13286.172597
44733.194368
27817.972941
5447.972980
47709.621224
77378.408080
1627.006561
72277.632521
21114.697310
75126.923695
6539.849467
26720.024138
12674.560862
49471.480322
14325.535576
67126.905802
45880.123894
73319.596172
98594.153944
30659.854046
754.501989
16978.416592
93751.211920
76594.511680
68166.786177
39885.942556
64687.560707
31386.875694
22781.446113
25014.565237
57474.490135
36066.618711
69746.759605
85291.463076
41513.591737
17455.380783
62668.871110
43139.598298
89732.013304
83782.568466
18265.521946
96270.862771
10501.592557
30939.082808
45741.343046
24826.128133
98064.988610
91620.466940
98144.724305
96658.142507
22279.320939
98898.226341
13635.559099
16029.532812
75491.737974
81801.345276
55914.475368
40178.298635
13187.220924
78694.921482
65191.863873
70660.711059
14760.540192
34937.623431
55951.174088
56273.131929
52392.004214
18619.045197
99411.730228
42123.017519
2400.613616
17676.252174
38392.880243
12901.206173
48614.334982
84133.223336
37726.334306
46678.323592
75752.690229
35870.058611
43335.466053
98031.011215
34767.284905
56970.025152
14059.543981
10258.022833
38770.370382
69973.019396
50435.321468
51956.591306
48666.940831
15626.185294
22616.302318
63426.481023
50562.808725
78566.476452
19698.612906
2953.812893
97184.521649
19109.343133
45075.830412
99584.135266
36784.595307
83467.710701
12484.341392
85397.930289
67599.933991
50209.675698
32075.253835
43351.624174
86078.734309
75409.719934
41381.635342
20845.019168
32378.745040
55440.179370
31102.042000
71148.115469
25412.198719
81536.363468
23103.706728
74078.139550
97161.548762
45719.009093
37503.620573
47723.357441
24284.485498
57201.233479
50676.170380
21468.007101
76309.576612
95751.000792
21051.142320
13093.171873
79217.711446
33534.483713
98490.102208
46816.645391
83743.159411
30564.355997
90167.269611
69820.893720
5973.075884
31547.904906
90664.912888
38350.820971
86987.084276
21765.954888
9497.936393
12398.282949
3301.318310
32600.643121
86475.422545
461.867072
78318.652214
23978.043072
48184.224512
2602.137665
81178.276550
98859.394892
24069.144767
57486.853162
94609.395684
45119.287087
70579.025035
73826.107084
78652.770800
69068.127197
20641.752474
62394.930211
99631.483240
10808.022038
32214.823885
5603.559077
42354.926945
22878.736726
43953.380048
29341.011221
44643.691614
53450.316441
41738.294170
47944.009971
86049.959608
28212.716669
48404.877042
64367.611775
52189.759741
96588.101555
66968.749487
33367.036291
95446.496447
91036.894254
90852.889453
90054.892084
36155.181341
61430.914442
63879.999121
14806.952094
30498.041638
84520.751596
77200.882305
30128.524831
95327.773634
9414.706143
35731.083909
37681.700579
32292.442916
79683.464003
67021.711800
76935.134530
33132.780398
8759.005923
24878.144454
19181.739959
36970.722638
73282.021497
83548.351781
89159.482379
69869.123052
50516.101222
22525.518623
65314.619452
41551.995429
13377.408030
55368.511490
77706.176770
74807.322518
19247.510565
92512.128910
5304.364110
3767.262161
69712.011168
35431.888941
99094.035794
79125.717358
71161.972850
36774.736326
11417.160227
50844.436807
3795.448079
88351.294758
83976.217251
12553.454049
13228.439212
3156.957164
49523.176687
86509.460709
86704.308945
38681.659020
56377.583714
37219.410120
61206.177690
21691.203120
78770.405595
74582.585720
77058.714610
56475.582318
49388.908191
96305.225221
48986.711182
54692.272301
71.487335
18697.722350
90123.161242
99164.523130
97822.439708
61284.134092
35938.259456
9238.599889
12127.570853
39732.707536
97588.894647
96102.788104
52285.161585
10816.333813
99258.745314
1807.338225
97324.794569
85962.054212
40487.997292
53701.378236
23180.464332
1693.174935
75391.581403
1949.869881
76274.760654
52449.295966
58424.452200
25662.668845
48753.521141
7410.163382
80353.941146
48824.008476
26106.885732
70476.102389
47987.531606
23928.325394
31759.236434
83924.791062
33165.925283
43885.807287
23656.498551
30753.819884
39987.595390
75940.660182
41569.153743
39245.340658
77746.998408
38892.948265
25206.394824
18233.995653
92593.326502
48385.859156
19926.170587
67983.907858
50334.729037
96199.931288
20432.203824
8758.181237
21861.600087
69184.724965
16167.344619
2214.541187
18007.733441
42273.230351
72689.643575
65994.265047
66200.555745
4447.879963
49918.056062
99365.481028
48332.687296
73573.554613
30118.300865
88319.282686
49513.214749
71686.454609
27563.623298
27259.213156
10578.402828
52769.018121
45492.208809
3170.729329
1153.877277
65417.379443
71153.637187
51487.606315
61616.310685
91584.841011
60244.787551
83476.910771
60768.565975
76411.132170
85690.451958
78775.299416
18683.362474
58379.095533
44768.564416
84882.918218
62825.975496
94685.620479
84247.399200
11157.662745
68258.175045
14364.700065
99475.945431
17770.389794
86050.154674
27038.568682
45028.602951
96627.557548
79806.586850
90519.811760
99797.286877
80959.464127
55936.191156
70949.924018
32446.070395
17551.501794
62533.765028
92689.857993
1027.412519
23301.330957
69099.990117
86716.864524
2075.630327
87782.352637
45094.960010
46843.194743
72664.270809
7919.935459
41527.815175
56910.670009
19076.598251
9784.990174
71274.370074
18551.543635
27554.379968
57323.524701
45589.112364
72581.982918
53950.082202
25394.699168
63100.794678
53746.369033
6353.163249
19035.985788
24695.293050
38798.233644
36586.487629
87228.058079
31487.091591
37612.900148
10528.388989
586.081708
24328.764625
12603.019316
88367.434345
69422.724635
59445.214059
61030.705108
77341.660141
972.029187
17940.375070
96417.258391
10756.019361
89213.745144
14967.801980
38309.399375
46536.269845
60555.914344
10890.382246
485.352000
85949.613512
73990.176924
54230.721080
92301.776761
93025.162759
78925.014130
31099.010405
29610.650341
66152.072162
62585.101997
67222.550488
76679.461152
63170.183705
91550.315160
89281.480467
51536.618003
60972.039748
48725.694480
12566.323111
38312.699842
49696.723667
30505.698181
34728.958187
60451.743027
19718.443324
49695.760213
98760.142402
66253.713169
10250.674511
9649.524648
66738.065169
96199.288070
83638.701573
20967.786202
88500.064785
76662.864285
99891.800333
19598.075144
6272.514579
66042.872448
82182.177187
73494.065114
42721.333553
45351.360845
65043.380227
32001.813974
96886.978895
26014.419929
80726.508454
9452.301959
64326.119818
30422.232074
39957.000140
99054.078005
90872.975148
59674.443464
48748.838172
89632.117503
25927.156587
58998.512729
99280.642151
92664.221803
55196.800753
82918.343724
13631.007959
43695.865491
59580.207962
13521.808291
63292.940681
65851.722588
79563.680740
45474.117822
39344.787655
22284.014293
90824.478667
4387.167836
54284.828267
87710.457515
30400.587765
35010.336721
97161.759474
94725.707582
65431.568794
37117.759614
93778.785587
56303.543895
96791.203078
42526.623712
45934.661398
22717.359665
1524.136395
45214.303503
15380.581421
56719.937148
28131.647181
29010.589380
414.802639
87710.855189
42531.397672
63706.743320
53561.577730
22094.078411
9179.861095
92905.365385
44377.092704
3.339715
97291.533221
98660.920971
87712.797276
27691.120939
33670.257645
84873.556704
22415.828521
99100.826486
21990.316271
16193.614062
55403.370335
18780.519349
58719.237774
1337.031687
41496.879014
60242.374215
46550.335237
56876.460435
16961.311316
74680.982418
85886.049815
17375.113955
62390.837560
28416.447487
81080.857275
15951.415244
50509.525898
90259.718371
8855.780583
94885.618602
90262.058132
6146.313758
93545.539527
77973.855362
33836.434743
27214.797172
62846.412019
56251.263265
26314.623612
84835.728336
72443.877326
81716.993947
3615.247639
31162.115054
83053.025681
45111.126652
91403.489269
29602.360871
1986.587041
8363.800585
4282.343242
87871.636856
25737.914541
66672.180849
16287.084296
6817.771816
82622.596094
66795.610194
97076.490186
91477.376723
61680.228750
87337.548272
97622.690481
55224.768277
65310.403588
31458.125177
82438.565449
28155.815607
87708.388442
8752.189014
12990.543897
60151.265722
90468.182962
16604.791535
91312.380822
73520.208596
61714.918188
82714.870044
3121.569421
63700.505228
91077.670629
7402.912709
51571.142038
16814.585170
74074.093559
67857.226381
23631.356986
56695.689606
34651.836529
20706.847126
48172.066282
96331.065325
8043.395398
45793.756763
51554.833555
73352.798986
77250.881941
33992.398958
1507.614546
64958.270382
42743.587972
14497.158443
25108.536058
33210.770887
31100.949978
16419.916833
6729.979483
92814.868165
99133.786924
9850.548903
56514.373347
90210.457507
17252.461613
8084.515385
7024.042630
91325.555171
75940.741766
30654.399616
48020.244777
10591.578248
51360.246788
96191.311059
6921.643527
59402.642186
41984.067776
58475.477082
32754.441126
19233.949717
92466.876039
34261.055718
84191.220099
35209.463965
48757.214161
9298.756110
68419.234898
79857.164185
25717.672989
75148.214381
72671.032304
24850.459866
84997.763284
29184.405651
15059.917326
2249.224896
37267.921037
22082.960003
93573.780068
13207.662756
52736.359619
41593.024798
23798.241004
4095.606360
37783.335858
30718.884577
63497.248547
79766.403634
89193.361659
96250.689719
98999.353350
81659.237698
30510.745390
83189.573403
16867.701616
79266.959551
92487.329559
85285.936514
59123.123690
18204.002502
60433.150848
31793.155994
43053.462369
45429.914132
60976.561645
58112.379695
47678.139029
98243.482682
80194.339698
41250.919050
11450.145391
32929.699317
82842.943895
35247.386395
37024.305677
20625.279706
65965.270973
520.554224
390.683293
55157.632632
96770.243943
99389.036690
36815.870283
27279.989287
82577.610047
53682.571900
6545.948791
75063.939560
38967.508414
65668.072528
93266.942062
99399.659263
97460.228522
36319.404384
44828.573348
58435.790121
94430.784126
92505.712377
56678.272756
74624.123777
33755.631427
68127.418147
7552.823048
16597.575275
3373.804496
44576.128772
37221.854981
69338.075515
45095.682996
37611.538275
24494.708100
41864.926892
36999.574919
61309.578384
69143.916179
19576.184965
14991.150237
75688.864970
94639.124525
53957.658651
41355.937452
87905.066587
53356.317914
38815.165927
24223.470924
98183.891262
97249.956048
18653.255004
90688.603639
53927.228757
93276.378828
24443.235019
22053.646858
828.201829
41039.810295
25426.451400
45403.330600
78260.665276
94763.526916
90498.013596
15871.203504
19257.234970
32361.940442
52869.778469
80565.813353
1504.856574
72444.963435
95555.963590
77192.721591
67083.087913
49512.622241
18547.658996
54987.154453
2867.940109
57361.824969
79209.625424
1050.831324
54610.780970
97861.880428
91738.434963
8537.009727
91137.259209
16180.669935
30589.656585
91964.461084
57219.480230
56015.107985
37366.791638
35479.145459
50777.634855
27863.805234
51349.349010
70033.869824
60224.745676
4218.127433
50598.683131
61728.602296
76662.090868
46153.646721
38920.323841
43744.178734
95665.268963
57466.982836
98730.333234
98532.209071
14827.807759
77938.958612
99582.040395
69437.588776
75799.838993
91319.475358
77973.598503
66936.098202
7499.145247
8562.255042
58899.559240
64717.625523
64576.363074
96265.350878
195.770936
15352.997882
24128.156066
51544.119946
85385.867753
84351.901788
55761.247379
35983.550837
46079.504038
32422.338201
82136.197559
84998.827879
76165.516982
77800.466475
42464.810669
74894.850170
76331.675500
57291.618474
52832.808735
75912.715895
26728.207204
28631.647682
67231.191206
4700.805660
95566.745884
74729.336453
13262.060702
54465.305078
39445.961929
77837.423776
50729.655956
39640.732912
93189.421704
74856.812022
91183.852858
78574.289410
59207.713764
46944.100238
14556.840201
5286.217755
79365.438438
96692.037806
90284.045634
55529.955374
74491.504234
32747.856302
30423.805497
50822.179734
90038.474777
83255.614232
26733.895582
16765.681934
11886.261914
93964.086789
21465.487594
7452.007751
68692.423195
34726.548297
61916.312876
8137.385124
12562.972073
12644.968785
47777.118036
5751.393730
87500.780807
38959.970848
84324.683141
46707.494571
85903.071086
98880.523342
51992.712326
65267.509524
95571.561101
42275.757960
20796.464851
70062.065336
75022.614262
51219.270395
20883.245023
65060.088992
34473.884580
47616.140606
81824.770926
46359.146493
41579.227347
3289.258474
53810.154292
10270.650496
38014.806771
15725.467121
18407.035620
50576.778843
28369.435906
66183.153656
56327.172574
15869.216667
5142.124504
40650.855668
62575.711238
91044.195590
39530.379010
14567.423564
56310.705068
35100.940065
56842.181524
77106.169965
5162.005354